$ 1 0.000005 10.20027730826997 50 5 50 5e-11
L -176 352 -224 352 0 0 false 5 0
185 144 -16 208 -16 0 3
L -176 320 -224 320 0 0 false 5 0
L -176 384 -224 384 0 0 false 5 0
w 176 272 176 320 0
w 176 320 96 320 0
w 64 352 208 352 0
w 208 352 208 272 0
w 32 384 240 384 0
w 240 384 240 272 0
L -176 416 -224 416 0 0 false 5 0
M 304 -16 400 -16 0 2.5
M 304 16 400 16 0 2.5
M 304 80 400 80 0 2.5
M 304 48 400 48 0 2.5
M 304 176 400 176 0 2.5
M 304 208 400 208 0 2.5
M 304 144 400 144 0 2.5
M 304 112 400 112 0 2.5
M 304 608 400 608 0 2.5
M 304 640 400 640 0 2.5
M 304 704 400 704 0 2.5
M 304 672 400 672 0 2.5
M 304 544 400 544 0 2.5
M 304 576 400 576 0 2.5
M 304 512 400 512 0 2.5
M 304 480 400 480 0 2.5
w 240 880 240 768 0
w 32 880 240 880 0
w 208 848 208 768 0
w 64 848 208 848 0
w 176 816 96 816 0
w 176 768 176 816 0
185 144 480 208 480 0 3
w -112 -16 32 -16 0
w -112 480 -80 480 0
w 96 320 -176 320 0
w 64 352 -176 352 0
w 32 384 32 560 0
w 64 352 64 624 0
w 96 320 96 560 0
w -112 416 -112 -16 0
I 32 -16 144 -16 0 0.5 5
w -80 480 144 480 0
w 32 384 -176 384 0
w -176 416 -112 416 0
w -112 416 -112 480 0
I 32 560 32 704 0 0.5 5
I 64 624 64 768 0 0.5 5
I 96 560 96 704 0 0.5 5
w 32 704 32 880 0
w 64 768 64 848 0
w 96 704 96 816 0
